7.042647629910507021e+03
7.092667287195489735e+03
7.142601147469692478e+03
7.192535007743895221e+03
7.242468868018097055e+03
7.292402728292299798e+03
7.342336588566502542e+03
7.392356245851485255e+03
7.442290106125687998e+03
7.492223966399890742e+03
7.542157826674092576e+03
7.592091686948295319e+03
7.642111344233278032e+03
7.692045204507480776e+03
7.741979064781683519e+03
7.791912925055886262e+03
7.841846785330089006e+03
7.891780645604290839e+03
7.941800302889274462e+03
7.991734163163476296e+03
8.041668023437679039e+03
8.091601883711881783e+03
8.141535743986084526e+03
8.191469604260286360e+03
8.241489261545269983e+03
8.291423121819472726e+03
8.341614373126016289e+03
8.391290842367876394e+03
8.451606140946511005e+03
8.491244359927062760e+03
8.541693002265947143e+03
