5.184740368983198683e-12
1.824379742101326450e-11
1.364774703360416813e-11
1.432084686777213027e-11
4.916192489139737434e-12
1.571812592590456225e-11
5.756578621376066511e-12
2.274185881263997640e-11
1.547190017222493672e-11
3.751027051849250082e-11
1.055627296017600568e-11
4.768755803716567534e-11
4.927437872800269307e-11
1.283167825989392442e-10
2.366046735903959022e-11
1.384609176124561274e-11
1.724039296778740987e-11
1.890666107583111129e-11
8.357342601123735058e-13
2.042531265444191571e-12
1.903018684585122305e-12
4.320047056835776020e-12
1.095112151090416297e-12
3.269175961319352856e-12
1.006044158559533707e-12
8.257970396427833883e-12
1.008491265971495276e-12
5.878787762508360821e-12
1.370679988433611822e-12
7.057849750155154242e-12
1.450116370009207402e-12
